斯克列之戒（力量+5）：/giveme 695 1 5 2 107
哈恩项链（体质+5）：/giveme 842 1 5 2 108
芭佗耳环（体质+5）：/giveme 688 1 5 2 108
哈朴林之戒（敏捷+5）：/giveme 693 1 5 2 109
普雷项链（敏捷+5）：/giveme 843 1 5 2 109
伯特之戒（智慧+5）：/giveme 696 1 5 2 110
艾勒耳环（血+50）：/giveme 689 1 5 2 141
斯克罗耳环（损伤+5）：/giveme 686 1 5 2 6
朴蓝之戒（回避+5）：/giveme 692 1 5 2 33
头冠（命中率+5%）：/giveme 697 1 5 2 31
兹诺之戒（血+50）：/giveme 643 1 5 2 141
珍珠项链（力量+5）：/giveme XXX 1 5 2 107

 
/giveme 1132 10 boss洞门票
冰风水晶：/giveme 1006 1 0 0

 

哈恩项链（体质+5）：/giveme 842 1 8 3 164 164 164 164
艾勒耳环（血+50）：/giveme 689 1 8 3 159 159 159 149
兹诺之戒（血+50）：/giveme 643 1 8 3 159 159 159 149

 


137：所有技能加1
38：生命值10增加

 

6：损伤5增加
31：命中5%增加
33：回避率5%增加
107：力量5增加
108：体质5增加
109：敏捷5增加
110：智慧5增加
141：生命50增加

 

162：力量15增加
164：智慧15增加
156：体质15增加
158：敏捷15增加
159：生命100增加
147：命中率15%增加
149：所有技能加3
